Honesty T F
Quality 1 2 3 4 5
Kindness 1 2 3 4 5
Recommendation 1 2 3 4 5
# Parents
Recommendation Honesty Quality Kindness
# Tables
Honesty
0.8
Quality
0.1 0.2 0.4 0.2
Kindness
0.05 0.1 0.2 0.5
Recommendation
T 1 1 1.0 0.0 0.0 0.0
T 1 2 0.9 0.1 0.0 0.0
T 1 3 0.8 0.1 0.1 0.0
T 1 4 0.7 0.1 0.1 0.1
T 1 5 0.6 0.125 0.125 0.125
T 2 1 0.1 0.9 0.0 0.0
T 2 2 0.0 0.9 0.1 0.0
T 2 3 0.0 0.8 0.1 0.1
T 2 4 0.0 0.7 0.1 0.1
T 2 5 0.0 0.65 0.125 0.125
T 3 1 0.0 0.1 0.9 0.0
T 3 2 0.0 0.0 0.9 0.1
T 3 3 0.0 0.0 0.8 0.1
T 3 4 0.0 0.0 0.7 0.15
T 3 5 0.0 0.0 0.65 0.2
T 4 1 0.0 0.0 0.1 0.9
T 4 2 0.0 0.0 0.0 0.9
T 4 3 0.0 0.0 0.0 0.8
T 4 4 0.0 0.0 0.0 0.7
T 4 5 0.0 0.0 0.0 0.6
T 5 1 0.0 0.0 0.0 0.1
T 5 2 0.0 0.0 0.0 0.0
T 5 3 0.0 0.0 0.0 0.0
T 5 4 0.0 0.0 0.0 0.0
T 5 5 0.0 0.0 0.0 0.0
F 1 1 0.0 1.0 0.0 0.0
F 1 2 0.5 0.0 0.5 0.0
F 1 3 0.0 0.0 0.5 0.5
F 1 4 0.0 0.0 0.0 0.5
F 1 5 0.0 0.0 0.0 0.0
F 2 1 1.0 0.0 0.0 0.0
F 2 2 0.5 0.0 0.5 0.0
F 2 3 0.0 0.0 0.5 0.5
F 2 4 0.0 0.0 0.0 0.5
F 2 5 0.0 0.0 0.0 0.0
F 3 1 0.5 0.5 0.0 0.0
F 3 2 0.25 0.5 0.0 0.25
F 3 3 0.0 0.0 0.0 0.75
F 3 4 0.0 0.0 0.0 0.5
F 3 5 0.0 0.0 0.0 0.0
F 4 1 0.25 0.5 0.25 0.0
F 4 2 0.0 0.5 0.5 0.0 
F 4 3 0.0 0.25 0.5 0.0
F 4 4 0.0 0.0 0.5 0.0
F 4 5 0.0 0.0 0.0 0.0
F 5 1 0.25 0.5 0.25 0.0
F 5 2 0.0 0.25 0.5 0.25
F 5 3 0.0 0.0 0.5 0.5
F 5 4 0.0 0.0 0.25 0.75
F 5 5 0.0 0.0 0.0 1.0